458 223
423696313 930949949 240891316 340852063 63409976 16801748 260586461 62215680 735421623 748984929 615182753 5250413 474301226 310692422 284304532 754328714 298634758 366521155 827931997 210091107 24203365 709326724 591962767 453015454 471927071 218873506 694263761 138359567 801380025 136840861 916166881 333646695 37604583 556786078 121981100 134705257 127918585 101376219 795340634 45987696 361101745 503193330 234269669 264866700 930375149 892284239 155046667 520599653 954671191 666648515 508488688 304309059 881452302 877328235 611792236 726605738 682390871 71871831 246679014 667589711 609241387 174605766 735728527 554544371 808007967 765076044 579790984 993126789 893630922 567131995 382305827 426684268 475638596 339579969 780292545 461414627 243015217 57956156 593146350 572441099 892248085 51831954 132495505 910013062 459507288 697640767 800580324 882276312 414721913 99735428 6840228 945836469 532524742 831482338 381355023 600753691 466472401 554209161 687280319 238842782 703647843 553407308 68990648 419234579 430118430 854692857 488129368 628180084 341258156 790932567 300632137 645175389 297554367 996531962 742250646 467359948 455067731 257848423 676088211 93005709 776770206 410281606 92359768 999405302 465515798 850086057 679780403 405293875 283375191 585120826 596810338 541497866 271471431 204699318 717512294 512280166 12106547 299886503 322442753 526989003 707943741 242368145 400029446 880329135 589144901 674707578 812211797 417255177 858391420 745948838 992641417 492501539 396724306 173257987 703010791 405827326 815224252 700443892 802567841 537429034 399527026 388106044 254648818 225588204 871718131 113526872 529632798 939576169 599549300 299187854 692570927 311357650 836176131 71563034 562855495 296501918 141664310 735397049 632388658 290259504 493478562 140460801 962116825 409813148 829961707 699758092 716115095 864376711 930481670 747414585 931550946 491251235 205416089 231738004 93243571 676593875 756008065 860699489 899979406 760336548 924335658 398481666 770158826 522463711 882064585 172864368 178911396 868572042 544391267 919363398 912318565 459449780 190452095 562328960 829733729 958656155 416612283 839753053 615965425 503111110 734031923 808480201 850814799 913643585 13728310 763965771 264050482 142230587 915040819 913400223 76058189 167136636 652144955 628926252 434692619 882577427 786584399 883419681 102912237 898355948 955665443 276710716 160902465 804004399 47470392 605311269 491054303 972604868 330637590 481181050 28625508 567732198 45715548 318346826 672801917 778977610 859819550 195583942 52427833 712151117 267469074 768058795 331610379 798754205 895150668 330392042 130379096 906999207 235809997 126360267 291987841 970501057 716941883 883593371 321093846 716745337 636265829 880064961 557952266 72187217 450472822 928342168 846344903 681000529 262788584 813326715 333470432 903748248 758794695 550241036 221090170 306971221 179826250 973935449 676692928 309046815 884715830 314927355 684060895 862040552 203118056 880531310 618435529 854563622 904367393 432876345 301537476 748365808 789872474 794210539 904770594 227415096 836367433 809809916 184927568 354492433 643488175 918206305 38415881 990607278 545079820 112532051 605450314 760628073 918046872 226851927 273532922 456868921 337706289 239354159 575093232 863397053 449518233 497076196 980531109 478931243 421212969 813683419 959925707 27037911 556726422 95767220 337304730 432158783 93743611 120249433 642483050 872250637 829626488 518044707 528784726 313196394 760706842 193131016 751420646 117389489 920916002 799481104 289201766 352757849 432925581 784925337 326589891 726314917 208039311 5700012 629903357 734154939 893467696 35429615 277952296 379355919 454368223 203223022 502908930 16548060 813773571 809074648 165283626 440624303 179264843 441031282 715975518 257433421 530085655 554123044 733406885 552341802 369805121 554223157 131758471 71162684 911913061 940073284 883114393 348020356 387732148 461064804 855114218 483097034 838639901 40590028 500141957 501951684 689449819 922847411 360718897 269700511 458636122 138533692 517723093 414078271 764087757 270829173 429447244 970021603 166062481 985703289 349695886 902761132 532838281 593249516 449710734 793778415 18066339 860917149 716909136 165053641 644605144 972088548 507633251 501039919 379752064 715916178 552591470 127834638 492859231 612524818 29028369 529653243 568121551 797087367 347392787 440488425 727358574 656467904 53246678 424552873 945932291 225991337 543223867 403580888 519604253 331145605 81033498 592717618 845713133 910896230 
0 445 450 435778000 192814724
1 192 277
1 118 199
0 246 272 891936781 932506492
0 18 243 815603729 600059932
0 187 226 672902792 326981406
0 212 344 792874474 865727253
0 24 59 818906972 331594238
0 292 399 860659778 777498769
0 291 311 787282852 801827760
0 201 269 295370674 590039297
0 186 211 461506871 122405865
0 68 411 697901529 378843429
1 175 238
0 374 437 356906315 14135771
0 155 455 33374581 651690856
0 332 431 718454697 901702730
0 428 441 631728900 821239646
1 414 447
0 96 391 630893441 742802545
1 319 327
0 230 334 194433730 283696626
0 30 236 898385044 197412
0 103 356 529369950 244360522
0 406 409 835822073 585017191
0 281 299 673381796 349387464
1 146 403
1 158 433
0 227 413 721398343 928943205
0 119 153 802645752 635056907
1 30 330
0 181 371 926828989 921471726
0 367 404 108605789 518059934
1 402 412
1 127 144
0 5 173 371696852 558126505
0 255 350 252130372 472766506
1 351 418
0 112 384 469601832 591476945
0 34 147 319479099 393320308
1 84 252
1 156 307
1 353 354
0 36 53 281628425 8581864
0 53 300 468975589 178333941
0 37 157 349625550 556729797
1 194 301
1 248 250
1 83 173
1 314 368
0 175 374 353245086 925752622
0 167 263 518521295 623493770
0 130 199 810591638 222034339
1 424 439
1 447 448
0 63 416 748401583 719768975
1 198 303
0 55 87 237672345 410590602
1 187 278
0 217 322 114293265 73011967
1 41 274
0 359 418 617050482 116131817
0 123 223 113338348 430739468
0 292 352 920824348 611242224
1 311 343
1 409 453
0 4 244 279860574 897459887
1 367 382
0 188 449 40024631 215622743
1 195 225
1 108 121
1 179 417
1 298 336
1 78 259
1 6 168
0 369 453 248616945 665445301
0 271 370 804527757 150538912
0 62 105 559557420 319026012
1 236 376
0 352 406 28915922 14945031
0 47 335 74125000 134455146
1 119 186
0 391 406 22275687 3783976
0 280 299 125095758 256522568
0 159 282 323594051 727029835
0 132 412 707817795 299222424
1 349 369
1 369 396
1 257 332
0 446 453 46926200 353942093
1 85 253
0 218 274 75221065 696793399
0 138 322 72716376 165508657
0 407 450 441329800 754365824
0 455 456 704662978 909954465
0 296 362 456942487 70515106
1 274 276
0 224 336 243469342 515936696
0 435 436 162303776 630016847
0 317 343 20769305 41139950
1 330 443
0 13 190 458485721 291157641
0 248 271 843330225 243906952
0 297 338 910588535 22675111
1 298 395
0 115 454 415168628 370461972
1 176 363
0 270 356 267623090 707819818
1 174 183
0 41 227 507081557 602100495
0 222 360 651884028 623170640
1 73 195
1 442 455
1 123 424
0 145 217 73830802 875378692
0 188 447 315426313 44709139
1 100 107
0 228 281 890933259 143455235
0 422 451 416701495 597520156
0 357 426 215661530 974017944
1 229 390
1 153 227
0 232 310 848442783 747112058
1 36 161
1 359 449
0 293 349 869456613 803142578
0 451 455 781004553 465818872
0 112 234 196958427 357132265
1 255 428
1 262 423
1 170 352
0 276 418 239920431 114360555
1 406 429
1 24 88
0 240 261 412494106 957510467
1 54 111
0 207 340 378693353 698700249
1 394 445
1 452 455
0 125 197 276261195 814624139
0 222 422 661718074 258101619
1 68 122
1 261 451
1 237 357
1 50 75
0 144 400 731108273 249767196
1 433 439
1 64 352
1 47 242
0 436 448 714786815 205744634
1 211 291
1 321 409
0 84 278 964382316 317630278
1 196 334
1 152 167
0 71 399 644160144 66111689
1 435 458
0 328 394 437460943 626595870
0 66 449 120202787 412370255
0 133 214 992979283 60405576
0 93 270 674431695 391478694
1 275 392
1 271 385
1 70 207
1 132 304
1 369 439
0 159 202 671121897 916734382
0 238 252 38784910 534394689
1 124 357
0 31 83 853511446 971635355
0 334 457 419342146 994619207
1 234 278
1 151 280
1 74 112
1 403 417
0 242 384 104487407 675117132
0 378 433 32596992 831690807
1 409 431
1 232 363
1 249 251
1 355 373
1 160 373
1 64 69
1 146 350
1 129 378
0 89 273 981116326 534182271
0 217 397 802898240 292613474
0 315 456 332081692 238105007
0 430 458 910723432 797132161
0 131 377 269772117 289582290
1 363 381
0 84 235 747528048 466395190
0 418 444 43764623 503064260
1 70 108
1 437 449
0 102 371 335735937 465682156
0 329 339 358227 100299462
0 412 420 155122416 300650578
1 57 120
0 404 446 668855383 176579464
0 34 178 900032673 95335223
1 329 447
1 69 229
0 49 75 889303718 571203206
1 364 368
0 180 319 430312849 893711724
1 269 436
0 44 353 10167781 944229350
0 113 380 308578096 662480282
0 387 428 54629787 997415844
1 11 87
1 6 414
1 73 373
1 187 405
1 213 410
1 451 457
0 2 70 139985215 133810040
1 427 430
0 366 399 242025882 532033023
1 294 422
0 206 215 97438365 633085547
0 324 394 279431203 479732026
0 373 420 307633454 849171143
