554551009
878484323
682922363
286955263
101761714
111777585
207359945
519808719
13707273
161278539
362904752
283740280
394455721
562432466
267143290
359453507
821611537
437947177
344690279
218774525
41927737
391963288
303046967
616890849
249872431
937562653
956028819
302056739
429749804
601216469
682389361
652438360
12572183
807581091
882400047
24059982
941084395
989043729
723345482
609832306
73049398
785981570
609310789
725227321
746627435
355006246
850173397
648015969
709718360
395404239
228799264
655826073
233269848
333847863
780479525
233104717
897621635
7505398
952117583
280534191
651016672
246000361
429772744
346606422
495982141
958886082
140704720
161905766
397726848
662716172
395896060
854570435
211809818
705861725
529972276
410000251
639945017
416231475
432704418
641668446
715031032
91023207
937931421
58405946
10489785
112346409
337899528
114244238
67802883
43056272
485024537
750911284
538960328
681553167
607203510
297145324
459399199
228646676
699109609
856849041
83755135
686615582
45640847
533188701
641669145
